stuurbaar [ ('a',['c']), ('c',['a'])]
  = "ac"
stuurbaar [ (1,[2]), (2,[3]), (3,[1]) ]
  = [1,2,3]

stuurbaar [ (1,[2,4]), (2,[3]), (3,[1]), (4,[])]
  = [4]

stuurbaar [ (1,[2]), (2,[3]), (3,[1]), (4,[])]
  = [1,2,3,4]

stuurbaar [ (1,[2,3]), (2,[5]), (3,[]), (4,[5]), (5,[1]), (6,[]) ]
  = [3,6]



stuur [ ('a',['c']), ('c',['a']), ('b',['a'])]
  = ["ac","b"] 
stuur [ (1,[2]), (2,[3]), (3,[1]) ]
  = [[1,2,3]]

stuur [ (1,[2,4]), (2,[3]), (3,[1]), (4,[])]
  = [[4],[1,2,3]]

stuur [ (1,[2]), (2,[3]), (3,[1]), (4,[])]
  = [[1,2,3,4]]

stuur [ (1,[2,3]), (2,[5]), (3,[]), (4,[5]), (5,[1]), (6,[]) ]
  = [[3,6],[1,2,5],[4]]

